id,volume
922,136110.03
923,168906.25
924,97721.97
925,397948.78
926,115159.61
927,153822.25
928,135853.45
929,208996.44
930,107115.95
931,91087.42
932,93163.734
933,76653.44
934,283674.1
935,57535.625
937,15824.778
938,50473.805
939,13766.118
940,48072.664
941,20204.455
942,75920.19
943,40159.438
944,67906.08
945,11835.499
946,44407.92
947,86056.28
948,64004.793
949,68204.92
950,25747.486
951,104565.516
952,23059.139
953,24113.19
954,17380.703
955,16655.088
956,36749.21
957,15765.011
958,14288.03
959,22363.207
960,25942.795
961,14386.843
962,14897.244
963,32531.299
964,23581.668
965,31318.102
966,47130.074
967,27763.307
968,56982.86
969,16141.108
970,21223.365
971,23689.023
972,19771.885
973,14940.692
974,26365.78
975,15418.75
976,15117.216
978,16221.1
979,18564.31
980,13659.033
981,15862.181
982,29247.422
983,8940.245
984,15394.708
985,15832.301
986,9440.481
987,29241.34
988,15301.584
989,6056.036
990,15948.3125
991,16103.075
992,6891.454
993,8426.37
994,15765.059
1001,1756818.5
1002,1665604.2
1003,1316357.5
1005,1337372.8
1006,1086246.1
1007,827228.9
1008,282920.22
1009,2115979.8
1010,712488.5
1011,935010.0
1013,613888.1
1014,729862.0
1015,500584.22
1016,630501.06
1018,328842.84
1019,553412.4
1020,3570991.0
1021,628669.6
1022,548885.8
1023,174569.08
1024,368044.03
1025,430495.9
1026,427118.2
1027,236291.14
1028,368404.16
1029,553591.44
1030,580691.56
1031,365248.56
1032,203465.94
1033,300868.7
1034,274563.47
1035,294174.78
1037,159812.45
1039,230331.89
1040,441547.16
1041,263210.9
1042,295124.56
1043,365300.22
1044,465238.7
1045,231667.06
1046,297172.4
1047,147816.64
1048,111379.32
1049,193560.31
1050,110898.984
1051,119797.47
1052,323183.9
1053,213825.92
1054,21101.078
1055,161438.16
1056,94801.266
1057,193384.62
1058,168154.6
1059,207242.72
1060,205115.9
1061,186551.42
1062,44408.67
1064,23587.549
1065,120569.266
1066,133298.03
1067,75155.734
1068,84545.5
1069,139840.44
1070,152182.8
1071,195359.89
1072,197006.48
1073,48639.58
1074,145313.25
1075,130534.89
1076,131213.6
1078,45344.906
1079,81267.5
1080,100726.27
1082,50540.42
1083,130186.18
1084,25139.424
1085,61100.254
1086,54220.676
1087,20645.045
1088,81640.05
1089,50565.703
1090,60856.9
1091,75501.05
1092,568130.4
1093,52805.53
1094,46169.723
1095,50907.004
1096,50599.766
1097,34721.17
1098,37636.023
1099,53641.688
1100,45000.508
1101,65280.996
1102,50859.76
1103,29413.188
1104,50049.297
1105,15917.257
1106,16389.35
1107,26051.979
1108,41694.29
1109,15371.743
1110,67270.47
1111,76704.586
1112,62199.1
1113,30623.232
1114,29176.814
1115,21795.076
1116,28827.0
1117,12090.689
1118,13430.292
1119,20620.178
1120,40501.234
1121,87980.97
1122,12783.923
1123,35516.82
1124,29917.62
1125,17628.867
1126,26012.66
1127,50449.727
1128,16074.245
1129,5669.302
1130,12899.036
1131,17036.287
1132,16335.612
1133,26320.87
1134,10672.188
1135,37530.133
1136,24313.83
1137,14880.509
1138,15088.24
1139,11027.596
1140,13698.371
1141,14301.04
1142,13822.949
1143,12993.403
1144,11784.255
1145,14377.969
1146,16658.38
1147,13752.171
1148,14882.678
1149,19701.44
1150,14524.404
1151,12778.246
1152,16567.62
1153,8615.88
1154,15779.607
1155,14430.985
1156,15080.351
1157,9843.618
1158,14987.5625
1159,9996.655
1160,8940.44
1161,9204.179
1162,7666.9365
1163,16093.857
1164,14377.733
1165,14808.933
1166,15067.606
1167,13919.908
1168,14905.647
1169,12627.936
1170,15244.456
1171,14692.606
1172,15195.996
1173,14563.065
1174,14852.394
1175,15355.592
1176,15583.819
1177,15470.189
1178,15234.454
1179,14774.629
1180,15712.05
1181,15866.894
1182,15486.177
1183,15277.717
1184,15525.165
1185,15796.51
1186,15770.229
1187,15391.401
1188,15385.313
1189,14209.069
1190,14220.983
1191,14195.474
1192,14196.688
1194,15758.637
1199,908981.1
1200,469685.06
1202,833570.4
1203,894893.6
1204,1496738.2
1205,1961888.0
1206,748802.06
1208,394463.47
1209,565664.9
1210,351121.53
1211,487948.22
1212,672880.4
1213,164364.94
1214,684510.9
1215,263235.97
1216,539252.56
1217,568500.75
1218,406735.66
1219,539481.3
1220,281120.16
1221,355287.6
1222,178315.22
1223,561588.06
1224,240566.34
1225,304341.25
1226,289546.34
1227,419073.72
1228,261507.28
1229,580066.6
1230,166219.03
1231,183426.33
1232,281380.28
1233,156417.75
1234,478084.47
1235,146976.11
1236,252089.62
1237,421502.03
1238,157849.64
1239,278280.9
1240,198008.88
1242,120496.57
1243,189482.84
1244,315003.28
1245,373071.34
1246,107168.086
1247,139123.75
1248,22812.643
1249,148886.02
1250,215888.4
1251,178906.97
1252,130359.83
1253,160819.48
1254,76646.71
1255,71556.06
1256,266543.28
1257,20989.418
1258,17200.287
1260,469661.66
1261,269525.4
1262,38205.156
1264,36288.145
1265,269381.34
1266,95750.59
1267,26701.58
1268,113353.734
1269,69464.22
1270,188641.22
1271,80124.47
1272,102345.25
1273,116770.32
1274,53294.234
1275,112782.95
1276,205229.0
1277,108660.11
1278,97338.32
1279,94194.04
1280,108024.92
1281,101017.0
1282,448054.6
1283,110290.23
1284,81601.41
1285,119302.516
1286,37671.734
1287,63631.312
1288,36877.133
1289,34750.223
1290,108436.766
1292,44275.727
1293,107958.59
1294,474622.6
1295,113069.74
1296,17289.088
1297,40224.875
1298,76590.5
1299,89801.125
1300,39262.14
1301,129542.7
1302,153113.48
1303,124301.984
1304,47165.703
1305,65651.81
1307,90542.68
1308,16197.818
1309,56209.805
1310,56538.203
1311,26835.066
1312,75766.14
1313,44820.78
1314,49912.703
1315,9898.677
1316,26150.514
1317,37593.836
1318,16799.803
1319,191765.75
1320,72270.34
1321,47447.164
1322,71528.164
1323,16132.995
1324,62509.91
1325,61624.02
1326,104970.07
1327,24403.443
1328,23853.074
1329,66347.72
1330,23867.93
1331,32135.58
1332,27574.723
1333,23255.244
1334,35315.797
1335,61869.59
1336,97672.43
1337,14408.439
1338,15259.864
1339,22371.822
1340,22752.396
1341,15468.775
1342,6368.4033
1343,20231.686
1344,25274.875
1345,20371.58
1346,20899.225
1347,69205.44
1348,9011.129
1349,13233.304
1350,14073.818
1351,15389.55
1352,16401.277
1353,66301.234
1354,21227.38
1355,34823.332
1356,21766.477
1357,13156.23
1358,14616.823
1359,45677.22
1360,24018.387
1361,14407.309
1362,10849.094
1363,14873.513
1364,11897.091
1365,18103.492
1366,14911.243
1367,25116.01
1368,11797.872
1369,16078.42
1370,15896.517
1371,11785.564
1372,13743.594
1373,19239.873
1374,11581.927
1375,17538.533
1376,14979.789
1377,14347.761
1378,10989.528
1379,15083.481
1380,15593.785
1381,9651.477
1382,13930.24
1383,12569.34
1384,14389.544
1385,15302.58
1386,17000.592
1387,13194.069
1388,14903.946
1389,12290.912
1390,14702.366
1391,12421.91
1392,14299.859
1393,15024.087
1394,14670.447
1395,16109.55
1396,9361.161
1397,15564.643
1398,13882.546
1399,9523.234
1400,15564.674
1401,14952.736
1402,16496.732
1403,11526.298
1404,15099.316
1405,15156.014
1406,14844.925
1407,14748.79
1408,15638.887
1409,12955.582
1410,12996.543
1411,15755.681
1412,15655.396
1413,14225.942
1414,5059.3447
1415,14211.505
1416,15756.05
1417,14200.491
1418,14200.831
1419,4077.4285
1420,15763.13
1421,14195.019
1427,1556314.2
1428,1602945.4
1431,799898.4
1432,1173557.2
1433,626931.25
1434,1392311.0
1435,1774412.4
1436,1119268.2
1437,715161.2
1438,708370.6
1439,466661.94
1440,348285.78
1441,887835.4
1442,650654.8
1443,901641.75
1444,692161.44
1445,550369.4
1446,274125.47
1447,502804.84
1449,185116.06
1450,337178.3
1451,334523.6
1452,339605.3
1453,185890.66
1454,364038.38
1455,102663.01
1457,173205.72
1459,131381.61
1460,284180.84
1461,324265.6
1463,337629.1
1464,406717.66
1465,320236.88
1466,18202.67
1467,331658.28
1469,951409.7
1470,342617.84
1471,117512.4
1472,213346.4
1473,155591.73
1474,261218.72
1475,125195.54
1477,51579.06
1478,111731.945
1479,92736.914
1480,197391.34
1481,411650.47
1482,252816.45
1483,52787.195
1484,34640.453
1485,79181.125
1486,59105.547
1487,100375.125
1488,157764.88
1489,239579.64
1490,77143.79
1491,24687.287
1492,81135.64
1493,55792.07
1494,466891.34
1495,22995.309
1496,33738.4
1497,14867.07
1498,35057.17
1499,37811.25
1500,174811.16
1501,37893.977
1502,31964.379
1503,132931.14
1504,93407.445
1505,377747.03
1506,43457.164
1507,182247.53
1509,42852.348
1510,212401.55
1511,44954.984
1512,72986.48
1513,6550.991
1514,147533.34
1515,86638.91
1516,28289.404
1517,30988.99
1518,74162.766
1519,360687.25
1520,127537.61
1521,38983.266
1522,14884.048
1523,78667.08
1524,35601.47
1525,25586.654
1526,41890.895
1527,23561.736
1528,91218.87
1529,14174.691
1530,28405.914
1531,20899.145
1532,28094.459
1533,44123.68
1534,19227.818
1535,73655.305
1536,21529.994
1537,27727.238
1538,52595.76
1539,42120.57
1540,374882.7
1541,18079.334
1542,21296.547
1543,19038.1
1544,63382.367
1545,39945.023
1546,65651.125
1547,32727.326
1548,13308.063
1549,11005.696
1550,15065.808
1551,7094.998
1552,48172.574
1553,66323.14
1554,34930.03
1555,24368.764
1556,13782.822
1557,10324.907
1558,23211.457
1559,13266.873
1560,14446.87
1561,70405.96
1562,16957.154
1563,13592.523
1564,16811.498
1565,11608.362
1566,19902.617
1567,8744.474
1568,17046.635
1569,17307.734
1570,21213.69
1571,11484.356
1572,25104.252
1573,27720.26
1574,49274.9
1575,17023.447
1576,11250.141
1577,20235.463
1578,11307.182
1579,33528.824
1580,19011.281
1581,15134.803
1582,15278.418
1583,18819.123
1584,13722.554
1585,15423.858
1586,14495.025
1587,21591.72
1588,20439.703
1589,15220.404
1590,15559.05
1591,15151.728
1592,15397.213
1593,14826.971
1594,12075.363
1595,14416.233
1596,15272.498
1597,15102.721
1598,15360.563
1599,15357.111
1600,15686.48
1601,14272.753
1602,15736.384
1603,15201.828
1604,11511.306
1605,80197.56
1606,15323.243
1607,15356.72
1608,15604.351
1609,15584.455
1610,15389.046
1611,15006.6875
1612,14211.537
1613,14209.931
1614,15382.667
1615,16674.197
1616,21858.57
1617,14197.775
